Augment Model
auroc: 0.8929991031253879
auprc: 0.9063214648145622
