Augment Model
auroc: 0.7595334700075733
auprc: 0.7649070687076516
