Augment Model
auroc: 0.8767583780063035
auprc: 0.8850119442784568
