Augment Model
auroc: 0.8750733547931779
auprc: 0.8821169759687726
