Augment Model
auroc: 0.901428616768273
auprc: 0.9117030118293326
