Augment Model
auroc: 0.8921898550684639
auprc: 0.9051788562180092
