Augment Model
auroc: 0.8596703727124035
auprc: 0.870296480163477
