Augment Model
auroc: 0.8681492402387021
auprc: 0.8779498624656855
