Augment Model
auroc: 0.8773191716381652
auprc: 0.886876309144421
