Augment Model
auroc: 0.8911819685481948
auprc: 0.9024786027561691
