Augment Model
auroc: 0.8886795843100368
auprc: 0.8964708451271999
