Augment Model
auroc: 0.9491604879151707
auprc: 0.9562160894356018
