Augment Model
auroc: 0.9144533183661067
auprc: 0.9247027531292409
