Augment Model
auroc: 0.9518147375124033
auprc: 0.9584171976644866
