Augmented Batch+he he
auroc: 0.7761912283563055
auprc: 0.7715070961752035
