Augmented Batch+he he
auroc: 0.7707409342904933
auprc: 0.7635994726027513
