Augmented Batch+he he
auroc: 0.7801713818263687
auprc: 0.7737202386320755
