Augmented Model he
auroc: 0.8026413368627366
auprc: 0.7982446187033874
