Reverse Complement Model
auroc: 0.5
auprc: 0.49775
Regular Model
auroc: 0.8258530679395244
auprc: 0.8399762297997817
Siamese Architecture
auroc: 0.9194039043999475
auprc: 0.929973911176548
