Reverse Complement Model
auroc: 0.5
auprc: 0.49775
Regular Model
auroc: 0.674661380062433
auprc: 0.6821417312539513
Siamese Architecture
auroc: 0.9180435135058553
auprc: 0.9292005102600658
