Augmented Model
auroc: 0.8515469588462139
auprc: 0.8559377426414407
