Regular Model
auroc: 0.9404323818999469
auprc: 0.9504508169739929
