Regular Model
auroc: 0.9497244395595847
auprc: 0.9575911223388197
