Regular Model
auroc: 0.9562960284423253
auprc: 0.964596061500885
