Reverse Complement Model
auroc: 0.5
auprc: 0.49775
Regular Model
auroc: 0.7708753332860453
auprc: 0.7763242212661243
Siamese Architecture
auroc: 0.8833782063731848
auprc: 0.893028310354115
