Regular Model
auroc: 0.8362035823960353
auprc: 0.8374863949693904
